Geography,Name,Caucasian Rate,African American Rate,Asian Rate,American Indian& Alaska Native Rate,other rate
0500000US01001,"Autauga County, Alabama",0.7170 ,0.1946 ,0.0150 ,0.0037 ,0.0698 
0500000US01003,"Baldwin County, Alabama",0.8172 ,0.0786 ,0.0089 ,0.0068 ,0.0885 
0500000US01005,"Barbour County, Alabama",0.4487 ,0.4731 ,0.0046 ,0.0046 ,0.0690 
0500000US01007,"Bibb County, Alabama",0.7426 ,0.1980 ,0.0014 ,0.0027 ,0.0553 
0500000US01009,"Blount County, Alabama",0.8568 ,0.0143 ,0.0030 ,0.0057 ,0.1203 
0500000US01011,"Bullock County, Alabama",0.2240 ,0.7141 ,0.0009 ,0.0070 ,0.0541 
0500000US01013,"Butler County, Alabama",0.5119 ,0.4425 ,0.0075 ,0.0015 ,0.0366 
0500000US01015,"Calhoun County, Alabama",0.6921 ,0.2195 ,0.0102 ,0.0042 ,0.0740 
0500000US01017,"Chambers County, Alabama",0.5421 ,0.3886 ,0.0115 ,0.0031 ,0.0547 
0500000US01019,"Cherokee County, Alabama",0.9093 ,0.0395 ,0.0022 ,0.0044 ,0.0445 
0500000US01021,"Chilton County, Alabama",0.7892 ,0.0904 ,0.0040 ,0.0075 ,0.1089 
0500000US01023,"Choctaw County, Alabama",0.5586 ,0.4131 ,0.0017 ,0.0024 ,0.0242 
0500000US01025,"Clarke County, Alabama",0.5210 ,0.4442 ,0.0041 ,0.0032 ,0.0275 
0500000US01027,"Clay County, Alabama",0.7990 ,0.1379 ,0.0034 ,0.0039 ,0.0558 
0500000US01029,"Cleburne County, Alabama",0.9178 ,0.0310 ,0.0014 ,0.0035 ,0.0463 
0500000US01031,"Coffee County, Alabama",0.6935 ,0.1639 ,0.0170 ,0.0120 ,0.1136 
0500000US01033,"Colbert County, Alabama",0.7624 ,0.1623 ,0.0076 ,0.0047 ,0.0631 
0500000US01035,"Conecuh County, Alabama",0.5098 ,0.4401 ,0.0035 ,0.0062 ,0.0404 
0500000US01037,"Coosa County, Alabama",0.6570 ,0.2896 ,0.0008 ,0.0030 ,0.0497 
0500000US01039,"Covington County, Alabama",0.8219 ,0.1226 ,0.0064 ,0.0039 ,0.0452 
0500000US01041,"Crenshaw County, Alabama",0.7115 ,0.2352 ,0.0063 ,0.0047 ,0.0423 
0500000US01043,"Cullman County, Alabama",0.9007 ,0.0107 ,0.0059 ,0.0046 ,0.0780 
0500000US01045,"Dale County, Alabama",0.6777 ,0.2076 ,0.0136 ,0.0055 ,0.0956 
0500000US01047,"Dallas County, Alabama",0.2706 ,0.6994 ,0.0038 ,0.0017 ,0.0245 
0500000US01049,"DeKalb County, Alabama",0.7879 ,0.0146 ,0.0035 ,0.0278 ,0.1661 
0500000US01051,"Elmore County, Alabama",0.7177 ,0.2070 ,0.0077 ,0.0038 ,0.0638 
0500000US01053,"Escambia County, Alabama",0.6040 ,0.2990 ,0.0031 ,0.0419 ,0.0520 
0500000US01055,"Etowah County, Alabama",0.7597 ,0.1464 ,0.0090 ,0.0071 ,0.0777 
0500000US01057,"Fayette County, Alabama",0.8373 ,0.1064 ,0.0031 ,0.0044 ,0.0488 
0500000US01059,"Franklin County, Alabama",0.7577 ,0.0363 ,0.0021 ,0.0203 ,0.1836 
0500000US01061,"Geneva County, Alabama",0.8282 ,0.0841 ,0.0033 ,0.0068 ,0.0776 
0500000US01063,"Greene County, Alabama",0.1683 ,0.8080 ,0.0009 ,0.0007 ,0.0221 
0500000US01065,"Hale County, Alabama",0.4058 ,0.5639 ,0.0017 ,0.0026 ,0.0260 
0500000US01067,"Henry County, Alabama",0.6933 ,0.2478 ,0.0043 ,0.0029 ,0.0517 
0500000US01069,"Houston County, Alabama",0.6461 ,0.2650 ,0.0120 ,0.0046 ,0.0723 
0500000US01071,"Jackson County, Alabama",0.8650 ,0.0311 ,0.0041 ,0.0146 ,0.0852 
0500000US01073,"Jefferson County, Alabama",0.4885 ,0.4170 ,0.0194 ,0.0034 ,0.0717 
0500000US01075,"Lamar County, Alabama",0.8561 ,0.1020 ,0.0004 ,0.0025 ,0.0389 
0500000US01077,"Lauderdale County, Alabama",0.8245 ,0.0988 ,0.0082 ,0.0039 ,0.0646 
0500000US01079,"Lawrence County, Alabama",0.7533 ,0.0999 ,0.0026 ,0.0438 ,0.1004 
0500000US01081,"Lee County, Alabama",0.6408 ,0.2271 ,0.0492 ,0.0041 ,0.0788 
0500000US01083,"Limestone County, Alabama",0.7441 ,0.1285 ,0.0181 ,0.0068 ,0.1026 
0500000US01085,"Lowndes County, Alabama",0.2733 ,0.6975 ,0.0015 ,0.0017 ,0.0261 
0500000US01087,"Macon County, Alabama",0.1665 ,0.7906 ,0.0038 ,0.0025 ,0.0367 
0500000US01089,"Madison County, Alabama",0.6248 ,0.2372 ,0.0265 ,0.0077 ,0.1038 
0500000US01091,"Marengo County, Alabama",0.4362 ,0.5273 ,0.0028 ,0.0005 ,0.0333 
0500000US01093,"Marion County, Alabama",0.8968 ,0.0377 ,0.0026 ,0.0036 ,0.0594 
0500000US01095,"Marshall County, Alabama",0.7881 ,0.0249 ,0.0062 ,0.0143 ,0.1666 
0500000US01097,"Mobile County, Alabama",0.5534 ,0.3526 ,0.0207 ,0.0098 ,0.0636 
0500000US01099,"Monroe County, Alabama",0.5255 ,0.4197 ,0.0045 ,0.0146 ,0.0357 
0500000US01101,"Montgomery County, Alabama",0.3279 ,0.5698 ,0.0349 ,0.0035 ,0.0639 
0500000US01103,"Morgan County, Alabama",0.7282 ,0.1252 ,0.0069 ,0.0077 ,0.1321 
0500000US01105,"Perry County, Alabama",0.2772 ,0.6975 ,0.0012 ,0.0019 ,0.0223 
0500000US01107,"Pickens County, Alabama",0.5616 ,0.3916 ,0.0041 ,0.0014 ,0.0413 
0500000US01109,"Pike County, Alabama",0.5536 ,0.3677 ,0.0178 ,0.0058 ,0.0550 
0500000US01111,"Randolph County, Alabama",0.7635 ,0.1737 ,0.0040 ,0.0035 ,0.0554 
0500000US01113,"Russell County, Alabama",0.4652 ,0.4434 ,0.0071 ,0.0039 ,0.0804 
0500000US01115,"St. Clair County, Alabama",0.8312 ,0.0950 ,0.0073 ,0.0036 ,0.0630 
0500000US01117,"Shelby County, Alabama",0.7408 ,0.1298 ,0.0231 ,0.0051 ,0.1013 
0500000US01119,"Sumter County, Alabama",0.2409 ,0.7288 ,0.0083 ,0.0021 ,0.0199 
0500000US01121,"Talladega County, Alabama",0.6234 ,0.3218 ,0.0048 ,0.0025 ,0.0474 
0500000US01123,"Tallapoosa County, Alabama",0.6893 ,0.2520 ,0.0054 ,0.0031 ,0.0503 
0500000US01125,"Tuscaloosa County, Alabama",0.6016 ,0.3043 ,0.0143 ,0.0042 ,0.0755 
0500000US01127,"Walker County, Alabama",0.8725 ,0.0601 ,0.0046 ,0.0049 ,0.0579 
0500000US01129,"Washington County, Alabama",0.6699 ,0.2156 ,0.0009 ,0.0724 ,0.0411 
0500000US01131,"Wilcox County, Alabama",0.2717 ,0.7059 ,0.0007 ,0.0010 ,0.0207 
0500000US01133,"Winston County, Alabama",0.9244 ,0.0060 ,0.0026 ,0.0048 ,0.0622 
0500000US02013,"Aleutians East Borough, Alaska",0.2000 ,0.0868 ,0.2254 ,0.2345 ,0.2532 
0500000US02016,"Aleutians West Census Area, Alaska",0.3186 ,0.0495 ,0.2892 ,0.1391 ,0.2036 
0500000US02020,"Anchorage Municipality, Alaska",0.5646 ,0.0501 ,0.0949 ,0.0812 ,0.2092 
0500000US02050,"Bethel Census Area, Alaska",0.0892 ,0.0046 ,0.0108 ,0.8375 ,0.0580 
0500000US02060,"Bristol Bay Borough, Alaska",0.4384 ,0.0071 ,0.0059 ,0.3614 ,0.1872 
0500000US02063,"Chugach Census Area, Alaska",0.6909 ,0.0069 ,0.0745 ,0.0942 ,0.1335 
0500000US02066,"Copper River Census Area, Alaska",0.6156 ,0.0031 ,0.0065 ,0.2533 ,0.1215 
0500000US02068,"Denali Borough, Alaska",0.8536 ,0.0068 ,0.0080 ,0.0377 ,0.0939 
0500000US02070,"Dillingham Census Area, Alaska",0.1645 ,0.0052 ,0.0099 ,0.7109 ,0.1095 
0500000US02090,"Fairbanks North Star Borough, Alaska",0.6897 ,0.0420 ,0.0325 ,0.0790 ,0.1569 
0500000US02100,"Haines Borough, Alaska",0.7639 ,0.0010 ,0.0067 ,0.1029 ,0.1255 
0500000US02105,"Hoonah-Angoon Census Area, Alaska",0.4850 ,0.0025 ,0.0068 ,0.3713 ,0.1345 
0500000US02110,"Juneau City and Borough, Alaska",0.6239 ,0.0109 ,0.0651 ,0.1120 ,0.1881 
0500000US02122,"Kenai Peninsula Borough, Alaska",0.7888 ,0.0066 ,0.0138 ,0.0719 ,0.1190 
0500000US02130,"Ketchikan Gateway Borough, Alaska",0.6044 ,0.0074 ,0.0809 ,0.1673 ,0.1400 
0500000US02150,"Kodiak Island Borough, Alaska",0.5015 ,0.0069 ,0.2140 ,0.1394 ,0.1383 
0500000US02158,"Kusilvak Census Area, Alaska",0.0207 ,0.0019 ,0.0028 ,0.9496 ,0.0251 
0500000US02164,"Lake and Peninsula Borough, Alaska",0.2053 ,0.0014 ,0.0061 ,0.6734 ,0.1138 
0500000US02170,"Matanuska-Susitna Borough, Alaska",0.7754 ,0.0105 ,0.0146 ,0.0639 ,0.1356 
0500000US02180,"Nome Census Area, Alaska",0.1416 ,0.0055 ,0.0111 ,0.7521 ,0.0898 
0500000US02185,"North Slope Borough, Alaska",0.2794 ,0.0147 ,0.0581 ,0.5211 ,0.1267 
0500000US02188,"Northwest Arctic Borough, Alaska",0.0898 ,0.0092 ,0.0071 ,0.8301 ,0.0638 
0500000US02195,"Petersburg Borough, Alaska",0.7269 ,0.0144 ,0.0362 ,0.0727 ,0.1498 
0500000US02198,"Prince of Wales-Hyder Census Area, Alaska",0.4177 ,0.0038 ,0.0047 ,0.4492 ,0.1246 
0500000US02220,"Sitka City and Borough, Alaska",0.6117 ,0.0044 ,0.0678 ,0.1476 ,0.1686 
0500000US02230,"Skagway Municipality, Alaska",0.8629 ,0.0081 ,0.0315 ,0.0258 ,0.0718 
0500000US02240,"Southeast Fairbanks Census Area, Alaska",0.7469 ,0.0109 ,0.0128 ,0.1200 ,0.1094 
0500000US02275,"Wrangell City and Borough, Alaska",0.6356 ,0.0000 ,0.0118 ,0.1787 ,0.1740 
0500000US02282,"Yakutat City and Borough, Alaska",0.3761 ,0.0060 ,0.0483 ,0.3852 ,0.1843 
0500000US02290,"Yukon-Koyukuk Census Area, Alaska",0.2115 ,0.0013 ,0.0015 ,0.7172 ,0.0685 
0500000US04001,"Apache County, Arizona",0.2253 ,0.0028 ,0.0047 ,0.7121 ,0.0551 
0500000US04003,"Cochise County, Arizona",0.6515 ,0.0381 ,0.0216 ,0.0120 ,0.2767 
0500000US04005,"Coconino County, Arizona",0.5745 ,0.0135 ,0.0184 ,0.2497 ,0.1439 
0500000US04007,"Gila County, Arizona",0.6740 ,0.0053 ,0.0084 ,0.1676 ,0.1448 
0500000US04009,"Graham County, Arizona",0.6499 ,0.0139 ,0.0050 ,0.1399 ,0.1913 
0500000US04011,"Greenlee County, Arizona",0.6885 ,0.0091 ,0.0078 ,0.0371 ,0.2575 
0500000US04012,"La Paz County, Arizona",0.5902 ,0.0069 ,0.0070 ,0.1711 ,0.2249 
0500000US04013,"Maricopa County, Arizona",0.5985 ,0.0589 ,0.0461 ,0.0228 ,0.2738 
0500000US04015,"Mohave County, Arizona",0.7959 ,0.0104 ,0.0128 ,0.0243 ,0.1566 
0500000US04017,"Navajo County, Arizona",0.4538 ,0.0071 ,0.0053 ,0.4446 ,0.0892 
0500000US04019,"Pima County, Arizona",0.6070 ,0.0383 ,0.0301 ,0.0332 ,0.2915 
0500000US04021,"Pinal County, Arizona",0.6332 ,0.0517 ,0.0158 ,0.0497 ,0.2497 
0500000US04023,"Santa Cruz County, Arizona",0.3342 ,0.0039 ,0.0064 ,0.0096 ,0.6460 
0500000US04025,"Yavapai County, Arizona",0.8150 ,0.0065 ,0.0124 ,0.0181 ,0.1479 
0500000US04027,"Yuma County, Arizona",0.4430 ,0.0201 ,0.0127 ,0.0173 ,0.5069 
0500000US05001,"Arkansas County, Arkansas",0.6821 ,0.2424 ,0.0055 ,0.0026 ,0.0675 
0500000US05003,"Ashley County, Arkansas",0.6798 ,0.2449 ,0.0022 ,0.0029 ,0.0702 
0500000US05005,"Baxter County, Arkansas",0.9246 ,0.0022 ,0.0056 ,0.0061 ,0.0615 
0500000US05007,"Benton County, Arkansas",0.7076 ,0.0166 ,0.0483 ,0.0179 ,0.2096 
0500000US05009,"Boone County, Arkansas",0.9132 ,0.0029 ,0.0066 ,0.0074 ,0.0700 
0500000US05011,"Bradley County, Arkansas",0.5586 ,0.2785 ,0.0028 ,0.0087 ,0.1514 
0500000US05013,"Calhoun County, Arkansas",0.7468 ,0.1927 ,0.0013 ,0.0021 ,0.0572 
0500000US05015,"Carroll County, Arkansas",0.7768 ,0.0034 ,0.0201 ,0.0131 ,0.1867 
0500000US05017,"Chicot County, Arkansas",0.3873 ,0.5307 ,0.0037 ,0.0035 ,0.0748 
0500000US05019,"Clark County, Arkansas",0.6675 ,0.2391 ,0.0071 ,0.0045 ,0.0818 
0500000US05021,"Clay County, Arkansas",0.9436 ,0.0029 ,0.0010 ,0.0030 ,0.0495 
0500000US05023,"Cleburne County, Arkansas",0.9289 ,0.0028 ,0.0041 ,0.0054 ,0.0588 
0500000US05025,"Cleveland County, Arkansas",0.8564 ,0.0909 ,0.0009 ,0.0046 ,0.0472 
0500000US05027,"Columbia County, Arkansas",0.5864 ,0.3450 ,0.0074 ,0.0033 ,0.0580 
0500000US05029,"Conway County, Arkansas",0.7901 ,0.1066 ,0.0043 ,0.0081 ,0.0909 
0500000US05031,"Craighead County, Arkansas",0.7250 ,0.1661 ,0.0152 ,0.0032 ,0.0905 
0500000US05033,"Crawford County, Arkansas",0.8084 ,0.0149 ,0.0158 ,0.0247 ,0.1363 
0500000US05035,"Crittenden County, Arkansas",0.4002 ,0.5379 ,0.0068 ,0.0028 ,0.0523 
0500000US05037,"Cross County, Arkansas",0.7255 ,0.2173 ,0.0061 ,0.0029 ,0.0482 
0500000US05039,"Dallas County, Arkansas",0.5380 ,0.3999 ,0.0011 ,0.0026 ,0.0585 
0500000US05041,"Desha County, Arkansas",0.4252 ,0.4737 ,0.0054 ,0.0041 ,0.0916 
0500000US05043,"Drew County, Arkansas",0.6508 ,0.2793 ,0.0062 ,0.0052 ,0.0585 
0500000US05045,"Faulkner County, Arkansas",0.7619 ,0.1165 ,0.0119 ,0.0058 ,0.1039 
0500000US05047,"Franklin County, Arkansas",0.8988 ,0.0046 ,0.0095 ,0.0125 ,0.0745 
0500000US05049,"Fulton County, Arkansas",0.9316 ,0.0022 ,0.0029 ,0.0055 ,0.0578 
0500000US05051,"Garland County, Arkansas",0.7870 ,0.0811 ,0.0097 ,0.0080 ,0.1142 
0500000US05053,"Grant County, Arkansas",0.9079 ,0.0255 ,0.0043 ,0.0045 ,0.0578 
0500000US05055,"Greene County, Arkansas",0.8973 ,0.0204 ,0.0040 ,0.0036 ,0.0748 
0500000US05057,"Hempstead County, Arkansas",0.5485 ,0.2832 ,0.0048 ,0.0070 ,0.1565 
0500000US05059,"Hot Spring County, Arkansas",0.8028 ,0.1051 ,0.0035 ,0.0057 ,0.0829 
0500000US05061,"Howard County, Arkansas",0.6386 ,0.2067 ,0.0049 ,0.0089 ,0.1410 
0500000US05063,"Independence County, Arkansas",0.8463 ,0.0224 ,0.0091 ,0.0064 ,0.1158 
0500000US05065,"Izard County, Arkansas",0.9064 ,0.0189 ,0.0020 ,0.0064 ,0.0664 
0500000US05067,"Jackson County, Arkansas",0.7693 ,0.1663 ,0.0038 ,0.0028 ,0.0578 
0500000US05069,"Jefferson County, Arkansas",0.3788 ,0.5625 ,0.0100 ,0.0036 ,0.0451 
0500000US05071,"Johnson County, Arkansas",0.7802 ,0.0187 ,0.0360 ,0.0106 ,0.1545 
0500000US05073,"Lafayette County, Arkansas",0.6192 ,0.3261 ,0.0051 ,0.0057 ,0.0439 
0500000US05075,"Lawrence County, Arkansas",0.9277 ,0.0088 ,0.0024 ,0.0032 ,0.0578 
0500000US05077,"Lee County, Arkansas",0.4029 ,0.5422 ,0.0015 ,0.0045 ,0.0488 
0500000US05079,"Lincoln County, Arkansas",0.6432 ,0.2822 ,0.0018 ,0.0032 ,0.0696 
0500000US05081,"Little River County, Arkansas",0.7246 ,0.1811 ,0.0019 ,0.0141 ,0.0783 
0500000US05083,"Logan County, Arkansas",0.8909 ,0.0110 ,0.0155 ,0.0114 ,0.0712 
0500000US05085,"Lonoke County, Arkansas",0.8326 ,0.0593 ,0.0099 ,0.0050 ,0.0933 
0500000US05087,"Madison County, Arkansas",0.8641 ,0.0025 ,0.0062 ,0.0142 ,0.1131 
0500000US05089,"Marion County, Arkansas",0.9253 ,0.0012 ,0.0033 ,0.0082 ,0.0620 
0500000US05091,"Miller County, Arkansas",0.6581 ,0.2579 ,0.0048 ,0.0066 ,0.0725 
0500000US05093,"Mississippi County, Arkansas",0.5704 ,0.3521 ,0.0060 ,0.0024 ,0.0691 
0500000US05095,"Monroe County, Arkansas",0.5248 ,0.4059 ,0.0041 ,0.0052 ,0.0600 
0500000US05097,"Montgomery County, Arkansas",0.8931 ,0.0021 ,0.0059 ,0.0121 ,0.0868 
0500000US05099,"Nevada County, Arkansas",0.6279 ,0.2941 ,0.0054 ,0.0054 ,0.0672 
0500000US05101,"Newton County, Arkansas",0.9258 ,0.0010 ,0.0033 ,0.0098 ,0.0601 
0500000US05103,"Ouachita County, Arkansas",0.5384 ,0.3929 ,0.0056 ,0.0031 ,0.0600 
0500000US05105,"Perry County, Arkansas",0.9148 ,0.0107 ,0.0012 ,0.0054 ,0.0680 
0500000US05107,"Phillips County, Arkansas",0.3390 ,0.6243 ,0.0039 ,0.0027 ,0.0302 
0500000US05109,"Pike County, Arkansas",0.8535 ,0.0237 ,0.0016 ,0.0092 ,0.1120 
0500000US05111,"Poinsett County, Arkansas",0.8444 ,0.0776 ,0.0027 ,0.0044 ,0.0709 
0500000US05113,"Polk County, Arkansas",0.8547 ,0.0022 ,0.0052 ,0.0190 ,0.1188 
0500000US05115,"Pope County, Arkansas",0.8111 ,0.0331 ,0.0107 ,0.0096 ,0.1354 
0500000US05117,"Prairie County, Arkansas",0.8409 ,0.1117 ,0.0025 ,0.0028 ,0.0421 
0500000US05119,"Pulaski County, Arkansas",0.4991 ,0.3597 ,0.0251 ,0.0056 ,0.1105 
0500000US05121,"Randolph County, Arkansas",0.8984 ,0.0075 ,0.0040 ,0.0047 ,0.0854 
0500000US05123,"St. Francis County, Arkansas",0.4136 ,0.5440 ,0.0055 ,0.0028 ,0.0340 
0500000US05125,"Saline County, Arkansas",0.7972 ,0.0844 ,0.0119 ,0.0068 ,0.0998 
0500000US05127,"Scott County, Arkansas",0.8347 ,0.0036 ,0.0283 ,0.0215 ,0.1120 
0500000US05129,"Searcy County, Arkansas",0.9099 ,0.0006 ,0.0026 ,0.0093 ,0.0775 
0500000US05131,"Sebastian County, Arkansas",0.6794 ,0.0631 ,0.0453 ,0.0226 ,0.1896 
0500000US05133,"Sevier County, Arkansas",0.6057 ,0.0365 ,0.0041 ,0.0302 ,0.3235 
0500000US05135,"Sharp County, Arkansas",0.9192 ,0.0068 ,0.0035 ,0.0073 ,0.0632 
0500000US05137,"Stone County, Arkansas",0.9295 ,0.0017 ,0.0024 ,0.0083 ,0.0580 
0500000US05139,"Union County, Arkansas",0.5945 ,0.3259 ,0.0072 ,0.0038 ,0.0686 
0500000US05141,"Van Buren County, Arkansas",0.9170 ,0.0049 ,0.0036 ,0.0084 ,0.0662 
0500000US05143,"Washington County, Arkansas",0.6847 ,0.0352 ,0.0233 ,0.0145 ,0.2423 
0500000US05145,"White County, Arkansas",0.8492 ,0.0485 ,0.0081 ,0.0048 ,0.0894 
0500000US05147,"Woodruff County, Arkansas",0.6787 ,0.2573 ,0.0035 ,0.0013 ,0.0592 
0500000US05149,"Yell County, Arkansas",0.7566 ,0.0124 ,0.0100 ,0.0097 ,0.2114 
0500000US06001,"Alameda County, California",0.3114 ,0.0980 ,0.3241 ,0.0117 ,0.2548 
0500000US06003,"Alpine County, California",0.6761 ,0.0083 ,0.0100 ,0.1960 ,0.1096 
0500000US06005,"Amador County, California",0.7685 ,0.0305 ,0.0144 ,0.0187 ,0.1679 
0500000US06007,"Butte County, California",0.7067 ,0.0172 ,0.0498 ,0.0212 ,0.2051 
0500000US06009,"Calaveras County, California",0.8018 ,0.0080 ,0.0164 ,0.0165 ,0.1573 
0500000US06011,"Colusa County, California",0.4288 ,0.0091 ,0.0126 ,0.0235 ,0.5260 
0500000US06013,"Contra Costa County, California",0.4303 ,0.0870 ,0.1868 ,0.0103 ,0.2855 
0500000US06015,"Del Norte County, California",0.6197 ,0.0308 ,0.0303 ,0.0877 ,0.2315 
0500000US06017,"El Dorado County, California",0.7669 ,0.0080 ,0.0481 ,0.0101 ,0.1668 
0500000US06019,"Fresno County, California",0.3715 ,0.0483 ,0.1124 ,0.0219 ,0.4460 
0500000US06021,"Glenn County, California",0.5448 ,0.0061 ,0.0224 ,0.0378 ,0.3890 
0500000US06023,"Humboldt County, California",0.7188 ,0.0138 ,0.0265 ,0.0622 ,0.1788 
0500000US06025,"Imperial County, California",0.2645 ,0.0243 ,0.0170 ,0.0237 ,0.6705 
0500000US06027,"Inyo County, California",0.6180 ,0.0051 ,0.0148 ,0.1301 ,0.2320 
0500000US06029,"Kern County, California",0.4088 ,0.0551 ,0.0515 ,0.0200 ,0.4646 
0500000US06031,"Kings County, California",0.4015 ,0.0592 ,0.0388 ,0.0241 ,0.4764 
0500000US06033,"Lake County, California",0.6874 ,0.0176 ,0.0147 ,0.0346 ,0.2457 
0500000US06035,"Lassen County, California",0.6436 ,0.0696 ,0.0151 ,0.0332 ,0.2385 
0500000US06037,"Los Angeles County, California",0.3255 ,0.0793 ,0.1498 ,0.0163 ,0.4291 
0500000US06039,"Madera County, California",0.4176 ,0.0294 ,0.0250 ,0.0491 ,0.4789 
0500000US06041,"Marin County, California",0.6838 ,0.0242 ,0.0626 ,0.0152 ,0.2142 
0500000US06043,"Mariposa County, California",0.7813 ,0.0063 ,0.0174 ,0.0290 ,0.1660 
0500000US06045,"Mendocino County, California",0.6497 ,0.0070 ,0.0195 ,0.0511 ,0.2727 
0500000US06047,"Merced County, California",0.3717 ,0.0326 ,0.0737 ,0.0267 ,0.4953 
0500000US06049,"Modoc County, California",0.7784 ,0.0077 ,0.0070 ,0.0513 ,0.1556 
0500000US06051,"Mono County, California",0.7085 ,0.0056 ,0.0124 ,0.0224 ,0.2512 
0500000US06053,"Monterey County, California",0.3619 ,0.0227 ,0.0608 ,0.0291 ,0.5256 
0500000US06055,"Napa County, California",0.5518 ,0.0177 ,0.0779 ,0.0141 ,0.3385 
0500000US06057,"Nevada County, California",0.8373 ,0.0045 ,0.0140 ,0.0099 ,0.1344 
0500000US06059,"Orange County, California",0.4340 ,0.0169 ,0.2218 ,0.0120 ,0.3153 
0500000US06061,"Placer County, California",0.7130 ,0.0170 ,0.0877 ,0.0088 ,0.1735 
0500000US06063,"Plumas County, California",0.8392 ,0.0052 ,0.0077 ,0.0229 ,0.1250 
0500000US06065,"Riverside County, California",0.4117 ,0.0647 ,0.0708 ,0.0181 ,0.4346 
0500000US06067,"Sacramento County, California",0.4515 ,0.0964 ,0.1777 ,0.0118 ,0.2626 
0500000US06069,"San Benito County, California",0.4241 ,0.0099 ,0.0377 ,0.0257 ,0.5027 
0500000US06071,"San Bernardino County, California",0.3588 ,0.0846 ,0.0836 ,0.0191 ,0.4540 
0500000US06073,"San Diego County, California",0.4951 ,0.0472 ,0.1245 ,0.0124 ,0.3207 
0500000US06075,"San Francisco County, California",0.4135 ,0.0535 ,0.3393 ,0.0074 ,0.1864 
0500000US06077,"San Joaquin County, California",0.3431 ,0.0775 ,0.1788 ,0.0155 ,0.3851 
0500000US06079,"San Luis Obispo County, California",0.7023 ,0.0163 ,0.0368 ,0.0112 ,0.2334 
0500000US06081,"San Mateo County, California",0.3927 ,0.0206 ,0.3012 ,0.0089 ,0.2767 
0500000US06083,"Santa Barbara County, California",0.5014 ,0.0165 ,0.0592 ,0.0215 ,0.4014 
0500000US06085,"Santa Clara County, California",0.3216 ,0.0232 ,0.3920 ,0.0114 ,0.2518 
0500000US06087,"Santa Cruz County, California",0.5928 ,0.0116 ,0.0463 ,0.0133 ,0.3359 
0500000US06089,"Shasta County, California",0.7845 ,0.0105 ,0.0328 ,0.0270 ,0.1452 
0500000US06091,"Sierra County, California",0.8353 ,0.0022 ,0.0022 ,0.0074 ,0.1530 
0500000US06093,"Siskiyou County, California",0.7623 ,0.0113 ,0.0202 ,0.0458 ,0.1605 
0500000US06095,"Solano County, California",0.3876 ,0.1371 ,0.1605 ,0.0119 ,0.3030 
0500000US06097,"Sonoma County, California",0.6273 ,0.0156 ,0.0467 ,0.0181 ,0.2922 
0500000US06099,"Stanislaus County, California",0.4641 ,0.0288 ,0.0629 ,0.0191 ,0.4251 
0500000US06101,"Sutter County, California",0.4698 ,0.0199 ,0.1830 ,0.0191 ,0.3082 
0500000US06103,"Tehama County, California",0.6825 ,0.0064 ,0.0156 ,0.0286 ,0.2670 
0500000US06105,"Trinity County, California",0.7216 ,0.0044 ,0.1379 ,0.0271 ,0.1089 
0500000US06107,"Tulare County, California",0.3937 ,0.0141 ,0.0363 ,0.0225 ,0.5334 
0500000US06109,"Tuolumne County, California",0.7948 ,0.0181 ,0.0147 ,0.0177 ,0.1547 
0500000US06111,"Ventura County, California",0.5080 ,0.0182 ,0.0769 ,0.0173 ,0.3796 
0500000US06113,"Yolo County, California",0.4959 ,0.0285 ,0.1404 ,0.0156 ,0.3197 
0500000US06115,"Yuba County, California",0.5711 ,0.0374 ,0.0708 ,0.0215 ,0.2992 
0500000US08001,"Adams County, Colorado",0.5576 ,0.0336 ,0.0448 ,0.0183 ,0.3457 
0500000US08003,"Alamosa County, Colorado",0.6149 ,0.0153 ,0.0110 ,0.0433 ,0.3155 
0500000US08005,"Arapahoe County, Colorado",0.6046 ,0.1081 ,0.0648 ,0.0104 ,0.2121 
0500000US08007,"Archuleta County, Colorado",0.8046 ,0.0031 ,0.0079 ,0.0180 ,0.1665 
0500000US08009,"Baca County, Colorado",0.8679 ,0.0074 ,0.0037 ,0.0120 ,0.1090 
0500000US08011,"Bent County, Colorado",0.6781 ,0.0453 ,0.0092 ,0.0287 ,0.2388 
0500000US08013,"Boulder County, Colorado",0.7739 ,0.0103 ,0.0497 ,0.0076 ,0.1585 
0500000US08014,"Broomfield County, Colorado",0.7601 ,0.0133 ,0.0694 ,0.0059 ,0.1512 
0500000US08015,"Chaffee County, Colorado",0.8571 ,0.0152 ,0.0070 ,0.0095 ,0.1112 
0500000US08017,"Cheyenne County, Colorado",0.8776 ,0.0006 ,0.0023 ,0.0074 ,0.1121 
0500000US08019,"Clear Creek County, Colorado",0.8857 ,0.0055 ,0.0088 ,0.0078 ,0.0922 
0500000US08021,"Conejos County, Colorado",0.6762 ,0.0036 ,0.0028 ,0.0224 ,0.2950 
0500000US08023,"Costilla County, Colorado",0.5222 ,0.0114 ,0.0160 ,0.0189 ,0.4316 
0500000US08025,"Crowley County, Colorado",0.6327 ,0.0873 ,0.0125 ,0.0304 ,0.2371 
0500000US08027,"Custer County, Colorado",0.9097 ,0.0023 ,0.0049 ,0.0113 ,0.0719 
0500000US08029,"Delta County, Colorado",0.8372 ,0.0047 ,0.0078 ,0.0094 ,0.1410 
0500000US08031,"Denver County, Colorado",0.6065 ,0.0895 ,0.0390 ,0.0148 ,0.2503 
0500000US08033,"Dolores County, Colorado",0.8689 ,0.0077 ,0.0026 ,0.0181 ,0.1028 
0500000US08035,"Douglas County, Colorado",0.8073 ,0.0144 ,0.0561 ,0.0051 ,0.1171 
0500000US08037,"Eagle County, Colorado",0.7105 ,0.0061 ,0.0130 ,0.0089 ,0.2615 
0500000US08039,"Elbert County, Colorado",0.8755 ,0.0047 ,0.0072 ,0.0070 ,0.1056 
0500000US08041,"El Paso County, Colorado",0.7077 ,0.0600 ,0.0308 ,0.0103 ,0.1912 
0500000US08043,"Fremont County, Colorado",0.8166 ,0.0378 ,0.0069 ,0.0174 ,0.1213 
0500000US08045,"Garfield County, Colorado",0.6815 ,0.0054 ,0.0067 ,0.0141 ,0.2923 
0500000US08047,"Gilpin County, Colorado",0.8741 ,0.0065 ,0.0162 ,0.0102 ,0.0930 
0500000US08049,"Grand County, Colorado",0.8763 ,0.0041 ,0.0057 ,0.0051 ,0.1089 
0500000US08051,"Gunnison County, Colorado",0.8661 ,0.0052 ,0.0072 ,0.0120 ,0.1095 
0500000US08053,"Hinsdale County, Colorado",0.8959 ,0.0102 ,0.0038 ,0.0076 ,0.0825 
0500000US08055,"Huerfano County, Colorado",0.7327 ,0.0095 ,0.0046 ,0.0257 ,0.2276 
0500000US08057,"Jackson County, Colorado",0.8695 ,0.0000 ,0.0015 ,0.0102 ,0.1189 
0500000US08059,"Jefferson County, Colorado",0.7905 ,0.0126 ,0.0312 ,0.0104 ,0.1554 
0500000US08061,"Kiowa County, Colorado",0.8921 ,0.0028 ,0.0062 ,0.0000 ,0.0989 
0500000US08063,"Kit Carson County, Colorado",0.7971 ,0.0034 ,0.0044 ,0.0064 ,0.1888 
0500000US08065,"Lake County, Colorado",0.6719 ,0.0051 ,0.0090 ,0.0211 ,0.2929 
0500000US08067,"La Plata County, Colorado",0.7974 ,0.0037 ,0.0071 ,0.0601 ,0.1317 
0500000US08069,"Larimer County, Colorado",0.8244 ,0.0106 ,0.0238 ,0.0080 ,0.1332 
0500000US08071,"Las Animas County, Colorado",0.6895 ,0.0145 ,0.0080 ,0.0252 ,0.2629 
0500000US08073,"Lincoln County, Colorado",0.7748 ,0.0485 ,0.0083 ,0.0132 ,0.1552 
0500000US08075,"Logan County, Colorado",0.8018 ,0.0355 ,0.0060 ,0.0107 ,0.1460 
0500000US08077,"Mesa County, Colorado",0.8219 ,0.0074 ,0.0108 ,0.0111 ,0.1489 
0500000US08079,"Mineral County, Colorado",0.9121 ,0.0035 ,0.0035 ,0.0069 ,0.0740 
0500000US08081,"Moffat County, Colorado",0.8179 ,0.0058 ,0.0041 ,0.0117 ,0.1606 
0500000US08083,"Montezuma County, Colorado",0.7334 ,0.0031 ,0.0055 ,0.1293 ,0.1287 
0500000US08085,"Montrose County, Colorado",0.7825 ,0.0042 ,0.0079 ,0.0135 ,0.1919 
0500000US08087,"Morgan County, Colorado",0.6590 ,0.0335 ,0.0054 ,0.0139 ,0.2882 
0500000US08089,"Otero County, Colorado",0.6874 ,0.0088 ,0.0054 ,0.0201 ,0.2783 
0500000US08091,"Ouray County, Colorado",0.9019 ,0.0033 ,0.0057 ,0.0033 ,0.0858 
0500000US08093,"Park County, Colorado",0.8809 ,0.0054 ,0.0060 ,0.0096 ,0.0982 
0500000US08095,"Phillips County, Colorado",0.7726 ,0.0042 ,0.0049 ,0.0115 ,0.2068 
0500000US08097,"Pitkin County, Colorado",0.8525 ,0.0061 ,0.0167 ,0.0044 ,0.1204 
0500000US08099,"Prowers County, Colorado",0.6776 ,0.0091 ,0.0026 ,0.0229 ,0.2878 
0500000US08101,"Pueblo County, Colorado",0.6470 ,0.0217 ,0.0103 ,0.0230 ,0.2980 
0500000US08103,"Rio Blanco County, Colorado",0.8729 ,0.0052 ,0.0034 ,0.0089 ,0.1097 
0500000US08105,"Rio Grande County, Colorado",0.7014 ,0.0053 ,0.0036 ,0.0250 ,0.2648 
0500000US08107,"Routt County, Colorado",0.8750 ,0.0063 ,0.0071 ,0.0047 ,0.1069 
0500000US08109,"Saguache County, Colorado",0.6610 ,0.0031 ,0.0099 ,0.0302 ,0.2959 
0500000US08111,"San Juan County, Colorado",0.8596 ,0.0043 ,0.0028 ,0.0085 ,0.1248 
0500000US08113,"San Miguel County, Colorado",0.8575 ,0.0026 ,0.0068 ,0.0114 ,0.1217 
0500000US08115,"Sedgwick County, Colorado",0.8577 ,0.0021 ,0.0050 ,0.0079 ,0.1273 
0500000US08117,"Summit County, Colorado",0.7970 ,0.0080 ,0.0135 ,0.0082 ,0.1734 
0500000US08119,"Teller County, Colorado",0.8728 ,0.0055 ,0.0086 ,0.0074 ,0.1058 
0500000US08121,"Washington County, Colorado",0.8781 ,0.0066 ,0.0039 ,0.0042 ,0.1071 
0500000US08123,"Weld County, Colorado",0.7049 ,0.0138 ,0.0178 ,0.0130 ,0.2505 
0500000US08125,"Yuma County, Colorado",0.7446 ,0.0022 ,0.0034 ,0.0073 ,0.2425 
0500000US09001,"Fairfield County, Connecticut",0.6102 ,0.1115 ,0.0536 ,0.0046 ,0.2201 
0500000US09003,"Hartford County, Connecticut",0.6161 ,0.1414 ,0.0599 ,0.0035 ,0.1791 
0500000US09005,"Litchfield County, Connecticut",0.8574 ,0.0181 ,0.0188 ,0.0028 ,0.1030 
0500000US09007,"Middlesex County, Connecticut",0.8202 ,0.0522 ,0.0304 ,0.0024 ,0.0949 
0500000US09009,"New Haven County, Connecticut",0.6288 ,0.1375 ,0.0434 ,0.0047 ,0.1856 
0500000US09011,"New London County, Connecticut",0.7505 ,0.0597 ,0.0403 ,0.0093 ,0.1403 
0500000US09013,"Tolland County, Connecticut",0.8203 ,0.0364 ,0.0565 ,0.0018 ,0.0850 
0500000US09015,"Windham County, Connecticut",0.8162 ,0.0206 ,0.0172 ,0.0070 ,0.1390 
0500000US10001,"Kent County, Delaware",0.5922 ,0.2584 ,0.0244 ,0.0063 ,0.1187 
0500000US10003,"New Castle County, Delaware",0.5506 ,0.2568 ,0.0617 ,0.0038 ,0.1272 
0500000US10005,"Sussex County, Delaware",0.7408 ,0.1068 ,0.0129 ,0.0078 ,0.1317 
0500000US11001,"District of Columbia, District of Columbia",0.3962 ,0.4145 ,0.0487 ,0.0046 ,0.1360 
0500000US12001,"Alachua County, Florida",0.6114 ,0.1873 ,0.0649 ,0.0031 ,0.1334 
0500000US12003,"Baker County, Florida",0.7985 ,0.1361 ,0.0056 ,0.0043 ,0.0555 
0500000US12005,"Bay County, Florida",0.7494 ,0.1019 ,0.0236 ,0.0059 ,0.1192 
0500000US12007,"Bradford County, Florida",0.7395 ,0.1936 ,0.0050 ,0.0027 ,0.0593 
0500000US12009,"Brevard County, Florida",0.7388 ,0.0968 ,0.0262 ,0.0038 ,0.1344 
0500000US12011,"Broward County, Florida",0.3992 ,0.2736 ,0.0391 ,0.0038 ,0.2844 
0500000US12013,"Calhoun County, Florida",0.7870 ,0.1232 ,0.0034 ,0.0081 ,0.0783 
0500000US12015,"Charlotte County, Florida",0.8432 ,0.0496 ,0.0141 ,0.0028 ,0.0904 
0500000US12017,"Citrus County, Florida",0.8749 ,0.0268 ,0.0159 ,0.0037 ,0.0787 
0500000US12019,"Clay County, Florida",0.7097 ,0.1220 ,0.0312 ,0.0043 ,0.1328 
0500000US12021,"Collier County, Florida",0.6840 ,0.0621 ,0.0148 ,0.0055 ,0.2336 
0500000US12023,"Columbia County, Florida",0.7279 ,0.1663 ,0.0127 ,0.0039 ,0.0892 
0500000US12027,"DeSoto County, Florida",0.6275 ,0.1257 ,0.0057 ,0.0052 ,0.2360 
0500000US12029,"Dixie County, Florida",0.8388 ,0.0937 ,0.0038 ,0.0036 ,0.0600 
0500000US12031,"Duval County, Florida",0.5171 ,0.2936 ,0.0497 ,0.0037 ,0.1359 
0500000US12033,"Escambia County, Florida",0.6430 ,0.2143 ,0.0312 ,0.0073 ,0.1042 
0500000US12035,"Flagler County, Florida",0.7598 ,0.0948 ,0.0218 ,0.0033 ,0.1203 
0500000US12037,"Franklin County, Florida",0.8033 ,0.1142 ,0.0024 ,0.0037 ,0.0764 
0500000US12039,"Gadsden County, Florida",0.3408 ,0.5347 ,0.0034 ,0.0046 ,0.1165 
0500000US12041,"Gilchrist County, Florida",0.8492 ,0.0448 ,0.0036 ,0.0041 ,0.0983 
0500000US12043,"Glades County, Florida",0.6796 ,0.1211 ,0.0029 ,0.0166 ,0.1798 
0500000US12045,"Gulf County, Florida",0.8032 ,0.1200 ,0.0040 ,0.0054 ,0.0674 
0500000US12047,"Hamilton County, Florida",0.5733 ,0.3197 ,0.0031 ,0.0041 ,0.0998 
0500000US12049,"Hardee County, Florida",0.5852 ,0.0860 ,0.0068 ,0.0075 ,0.3145 
0500000US12051,"Hendry County, Florida",0.4656 ,0.1100 ,0.0088 ,0.0164 ,0.3993 
0500000US12053,"Hernando County, Florida",0.7840 ,0.0528 ,0.0137 ,0.0043 ,0.1453 
0500000US12055,"Highlands County, Florida",0.7068 ,0.0977 ,0.0162 ,0.0050 ,0.1743 
0500000US12057,"Hillsborough County, Florida",0.5257 ,0.1627 ,0.0487 ,0.0050 ,0.2580 
0500000US12059,"Holmes County, Florida",0.8682 ,0.0629 ,0.0046 ,0.0065 ,0.0578 
0500000US12061,"Indian River County, Florida",0.7669 ,0.0837 ,0.0150 ,0.0033 ,0.1312 
0500000US12063,"Jackson County, Florida",0.6632 ,0.2568 ,0.0062 ,0.0048 ,0.0691 
0500000US12065,"Jefferson County, Florida",0.6137 ,0.3185 ,0.0023 ,0.0029 ,0.0626 
0500000US12067,"Lafayette County, Florida",0.7735 ,0.1270 ,0.0012 ,0.0029 ,0.0953 
0500000US12069,"Lake County, Florida",0.7018 ,0.1030 ,0.0223 ,0.0042 ,0.1687 
0500000US12071,"Lee County, Florida",0.6975 ,0.0774 ,0.0172 ,0.0050 ,0.2029 
0500000US12073,"Leon County, Florida",0.5610 ,0.3041 ,0.0362 ,0.0029 ,0.0958 
0500000US12075,"Levy County, Florida",0.7949 ,0.0860 ,0.0068 ,0.0054 ,0.1069 
0500000US12077,"Liberty County, Florida",0.7432 ,0.1702 ,0.0023 ,0.0079 ,0.0765 
0500000US12079,"Madison County, Florida",0.5802 ,0.3512 ,0.0026 ,0.0033 ,0.0628 
0500000US12081,"Manatee County, Florida",0.7235 ,0.0804 ,0.0214 ,0.0041 ,0.1706 
0500000US12083,"Marion County, Florida",0.7144 ,0.1181 ,0.0162 ,0.0041 ,0.1472 
0500000US12085,"Martin County, Florida",0.7856 ,0.0479 ,0.0145 ,0.0077 ,0.1444 
0500000US12086,"Miami-Dade County, Florida",0.2950 ,0.1481 ,0.0163 ,0.0034 ,0.5373 
0500000US12087,"Monroe County, Florida",0.7258 ,0.0580 ,0.0141 ,0.0042 ,0.1979 
0500000US12089,"Nassau County, Florida",0.8527 ,0.0557 ,0.0099 ,0.0033 ,0.0784 
0500000US12091,"Okaloosa County, Florida",0.7175 ,0.0929 ,0.0321 ,0.0057 ,0.1518 
0500000US12093,"Okeechobee County, Florida",0.6895 ,0.0859 ,0.0085 ,0.0102 ,0.2060 
0500000US12095,"Orange County, Florida",0.4404 ,0.1937 ,0.0548 ,0.0044 ,0.3066 
0500000US12097,"Osceola County, Florida",0.4058 ,0.1049 ,0.0304 ,0.0058 ,0.4531 
0500000US12099,"Palm Beach County, Florida",0.5734 ,0.1759 ,0.0296 ,0.0064 ,0.2147 
0500000US12101,"Pasco County, Florida",0.7423 ,0.0605 ,0.0299 ,0.0039 ,0.1634 
0500000US12103,"Pinellas County, Florida",0.7393 ,0.0982 ,0.0356 ,0.0037 ,0.1232 
0500000US12105,"Polk County, Florida",0.6055 ,0.1456 ,0.0186 ,0.0054 ,0.2249 
0500000US12107,"Putnam County, Florida",0.7139 ,0.1561 ,0.0066 ,0.0059 ,0.1175 
0500000US12109,"St. Johns County, Florida",0.8061 ,0.0489 ,0.0361 ,0.0027 ,0.1062 
0500000US12111,"St. Lucie County, Florida",0.5838 ,0.2017 ,0.0177 ,0.0043 ,0.1926 
0500000US12113,"Santa Rosa County, Florida",0.8039 ,0.0587 ,0.0209 ,0.0070 ,0.1096 
0500000US12115,"Sarasota County, Florida",0.8273 ,0.0387 ,0.0196 ,0.0030 ,0.1114 
0500000US12117,"Seminole County, Florida",0.6150 ,0.1136 ,0.0544 ,0.0035 ,0.2135 
0500000US12119,"Sumter County, Florida",0.8636 ,0.0662 ,0.0097 ,0.0030 ,0.0575 
0500000US12121,"Suwannee County, Florida",0.7596 ,0.1152 ,0.0063 ,0.0052 ,0.1136 
0500000US12123,"Taylor County, Florida",0.7362 ,0.1931 ,0.0103 ,0.0052 ,0.0551 
0500000US12125,"Union County, Florida",0.7372 ,0.2002 ,0.0022 ,0.0031 ,0.0574 
0500000US12127,"Volusia County, Florida",0.7229 ,0.1044 ,0.0193 ,0.0038 ,0.1496 
0500000US12129,"Wakulla County, Florida",0.7882 ,0.1259 ,0.0060 ,0.0049 ,0.0750 
0500000US12131,"Walton County, Florida",0.8214 ,0.0443 ,0.0123 ,0.0072 ,0.1148 
0500000US12133,"Washington County, Florida",0.7825 ,0.1297 ,0.0054 ,0.0088 ,0.0737 
0500000US13001,"Appling County, Georgia",0.7087 ,0.1836 ,0.0069 ,0.0049 ,0.0958 
0500000US13003,"Atkinson County, Georgia",0.6372 ,0.1464 ,0.0016 ,0.0077 ,0.2071 
0500000US13005,"Bacon County, Georgia",0.7407 ,0.1583 ,0.0036 ,0.0013 ,0.0962 
0500000US13007,"Baker County, Georgia",0.5341 ,0.3929 ,0.0063 ,0.0004 ,0.0664 
0500000US13009,"Baldwin County, Georgia",0.5173 ,0.4202 ,0.0137 ,0.0019 ,0.0470 
0500000US13011,"Banks County, Georgia",0.8782 ,0.0219 ,0.0105 ,0.0057 ,0.0837 
0500000US13013,"Barrow County, Georgia",0.6903 ,0.1242 ,0.0392 ,0.0049 ,0.1415 
0500000US13015,"Bartow County, Georgia",0.7566 ,0.1057 ,0.0109 ,0.0044 ,0.1224 
0500000US13017,"Ben Hill County, Georgia",0.5486 ,0.3645 ,0.0069 ,0.0041 ,0.0760 
0500000US13019,"Berrien County, Georgia",0.8063 ,0.1076 ,0.0044 ,0.0020 ,0.0796 
0500000US13021,"Bibb County, Georgia",0.3672 ,0.5458 ,0.0207 ,0.0024 ,0.0639 
0500000US13023,"Bleckley County, Georgia",0.7165 ,0.2240 ,0.0122 ,0.0016 ,0.0457 
0500000US13025,"Brantley County, Georgia",0.9116 ,0.0315 ,0.0023 ,0.0032 ,0.0514 
0500000US13027,"Brooks County, Georgia",0.5710 ,0.3505 ,0.0041 ,0.0031 ,0.0714 
0500000US13029,"Bryan County, Georgia",0.7201 ,0.1450 ,0.0237 ,0.0031 ,0.1081 
0500000US13031,"Bulloch County, Georgia",0.6254 ,0.2843 ,0.0161 ,0.0028 ,0.0715 
0500000US13033,"Burke County, Georgia",0.4946 ,0.4483 ,0.0039 ,0.0024 ,0.0507 
0500000US13035,"Butts County, Georgia",0.6614 ,0.2686 ,0.0042 ,0.0015 ,0.0642 
0500000US13037,"Calhoun County, Georgia",0.3199 ,0.6426 ,0.0034 ,0.0014 ,0.0327 
0500000US13039,"Camden County, Georgia",0.7006 ,0.1771 ,0.0161 ,0.0048 ,0.1015 
0500000US13043,"Candler County, Georgia",0.6163 ,0.2454 ,0.0059 ,0.0027 ,0.1296 
0500000US13045,"Carroll County, Georgia",0.6930 ,0.1857 ,0.0094 ,0.0044 ,0.1076 
0500000US13047,"Catoosa County, Georgia",0.8826 ,0.0274 ,0.0153 ,0.0036 ,0.0712 
0500000US13049,"Charlton County, Georgia",0.6986 ,0.2099 ,0.0093 ,0.0038 ,0.0785 
0500000US13051,"Chatham County, Georgia",0.4873 ,0.3702 ,0.0363 ,0.0037 ,0.1026 
0500000US13053,"Chattahoochee County, Georgia",0.6236 ,0.1580 ,0.0320 ,0.0048 ,0.1816 
0500000US13055,"Chattooga County, Georgia",0.8129 ,0.0965 ,0.0041 ,0.0039 ,0.0827 
0500000US13057,"Cherokee County, Georgia",0.7677 ,0.0667 ,0.0206 ,0.0050 ,0.1400 
0500000US13059,"Clarke County, Georgia",0.5823 ,0.2461 ,0.0385 ,0.0045 ,0.1286 
0500000US13061,"Clay County, Georgia",0.4041 ,0.5607 ,0.0021 ,0.0004 ,0.0327 
0500000US13063,"Clayton County, Georgia",0.1025 ,0.6989 ,0.0458 ,0.0067 ,0.1461 
0500000US13065,"Clinch County, Georgia",0.6385 ,0.2912 ,0.0034 ,0.0045 ,0.0625 
0500000US13067,"Cobb County, Georgia",0.5059 ,0.2661 ,0.0559 ,0.0056 ,0.1666 
0500000US13069,"Coffee County, Georgia",0.5903 ,0.2778 ,0.0070 ,0.0049 ,0.1200 
0500000US13071,"Colquitt County, Georgia",0.5937 ,0.2194 ,0.0085 ,0.0087 ,0.1698 
0500000US13073,"Columbia County, Georgia",0.6540 ,0.1815 ,0.0462 ,0.0035 ,0.1148 
0500000US13075,"Cook County, Georgia",0.6370 ,0.2770 ,0.0059 ,0.0042 ,0.0759 
0500000US13077,"Coweta County, Georgia",0.6962 ,0.1770 ,0.0230 ,0.0036 ,0.1002 
0500000US13079,"Crawford County, Georgia",0.7426 ,0.1870 ,0.0026 ,0.0048 ,0.0631 
0500000US13081,"Crisp County, Georgia",0.4972 ,0.4411 ,0.0089 ,0.0017 ,0.0510 
0500000US13083,"Dade County, Georgia",0.9166 ,0.0087 ,0.0081 ,0.0051 ,0.0615 
0500000US13085,"Dawson County, Georgia",0.8901 ,0.0078 ,0.0088 ,0.0034 ,0.0900 
0500000US13087,"Decatur County, Georgia",0.4957 ,0.4168 ,0.0063 ,0.0037 ,0.0774 
0500000US13089,"DeKalb County, Georgia",0.2953 ,0.5089 ,0.0659 ,0.0058 ,0.1241 
0500000US13091,"Dodge County, Georgia",0.6535 ,0.2946 ,0.0048 ,0.0012 ,0.0460 
0500000US13093,"Dooly County, Georgia",0.4185 ,0.4962 ,0.0046 ,0.0024 ,0.0783 
0500000US13095,"Dougherty County, Georgia",0.2445 ,0.6992 ,0.0078 ,0.0020 ,0.0465 
0500000US13097,"Douglas County, Georgia",0.3625 ,0.4844 ,0.0163 ,0.0048 ,0.1321 
0500000US13099,"Early County, Georgia",0.4481 ,0.5124 ,0.0043 ,0.0033 ,0.0318 
0500000US13101,"Echols County, Georgia",0.6854 ,0.0425 ,0.0030 ,0.0179 ,0.2513 
0500000US13103,"Effingham County, Georgia",0.7586 ,0.1366 ,0.0105 ,0.0038 ,0.0905 
0500000US13105,"Elbert County, Georgia",0.6531 ,0.2689 ,0.0093 ,0.0030 ,0.0658 
0500000US13107,"Emanuel County, Georgia",0.6160 ,0.3190 ,0.0063 ,0.0026 ,0.0560 
0500000US13109,"Evans County, Georgia",0.5792 ,0.2890 ,0.0076 ,0.0027 ,0.1215 
0500000US13111,"Fannin County, Georgia",0.9301 ,0.0034 ,0.0045 ,0.0038 ,0.0583 
0500000US13113,"Fayette County, Georgia",0.5855 ,0.2480 ,0.0539 ,0.0034 ,0.1092 
0500000US13115,"Floyd County, Georgia",0.7048 ,0.1429 ,0.0131 ,0.0071 ,0.1321 
0500000US13117,"Forsyth County, Georgia",0.6514 ,0.0427 ,0.1799 ,0.0041 ,0.1220 
0500000US13119,"Franklin County, Georgia",0.8303 ,0.0813 ,0.0111 ,0.0018 ,0.0754 
0500000US13121,"Fulton County, Georgia",0.3925 ,0.4255 ,0.0759 ,0.0031 ,0.1031 
0500000US13123,"Gilmer County, Georgia",0.8600 ,0.0047 ,0.0046 ,0.0083 ,0.1225 
0500000US13125,"Glascock County, Georgia",0.8981 ,0.0680 ,0.0024 ,0.0000 ,0.0316 
0500000US13127,"Glynn County, Georgia",0.6418 ,0.2447 ,0.0141 ,0.0044 ,0.0951 
0500000US13129,"Gordon County, Georgia",0.7844 ,0.0373 ,0.0126 ,0.0062 ,0.1596 
0500000US13131,"Grady County, Georgia",0.5742 ,0.2796 ,0.0046 ,0.0098 ,0.1318 
0500000US13133,"Greene County, Georgia",0.5972 ,0.3072 ,0.0092 ,0.0020 ,0.0845 
0500000US13135,"Gwinnett County, Georgia",0.3551 ,0.2745 ,0.1329 ,0.0083 ,0.2293 
0500000US13137,"Habersham County, Georgia",0.7875 ,0.0380 ,0.0217 ,0.0051 ,0.1477 
0500000US13139,"Hall County, Georgia",0.6436 ,0.0722 ,0.0209 ,0.0086 ,0.2547 
0500000US13141,"Hancock County, Georgia",0.2772 ,0.6901 ,0.0042 ,0.0029 ,0.0256 
0500000US13143,"Haralson County, Georgia",0.9028 ,0.0419 ,0.0063 ,0.0021 ,0.0469 
0500000US13145,"Harris County, Georgia",0.7602 ,0.1511 ,0.0115 ,0.0035 ,0.0738 
0500000US13147,"Hart County, Georgia",0.7529 ,0.1678 ,0.0130 ,0.0024 ,0.0639 
0500000US13149,"Heard County, Georgia",0.8475 ,0.0825 ,0.0046 ,0.0029 ,0.0624 
0500000US13151,"Henry County, Georgia",0.3707 ,0.4907 ,0.0335 ,0.0035 ,0.1016 
0500000US13153,"Houston County, Georgia",0.5410 ,0.3215 ,0.0304 ,0.0035 ,0.1036 
0500000US13155,"Irwin County, Georgia",0.6711 ,0.2306 ,0.0123 ,0.0025 ,0.0835 
0500000US13157,"Jackson County, Georgia",0.7966 ,0.0689 ,0.0235 ,0.0032 ,0.1078 
0500000US13159,"Jasper County, Georgia",0.7481 ,0.1689 ,0.0017 ,0.0029 ,0.0785 
0500000US13161,"Jeff Davis County, Georgia",0.7006 ,0.1561 ,0.0037 ,0.0056 ,0.1341 
0500000US13163,"Jefferson County, Georgia",0.4419 ,0.5077 ,0.0045 ,0.0028 ,0.0432 
0500000US13165,"Jenkins County, Georgia",0.5394 ,0.4087 ,0.0014 ,0.0040 ,0.0465 
0500000US13167,"Johnson County, Georgia",0.6336 ,0.3300 ,0.0031 ,0.0025 ,0.0309 
0500000US13169,"Jones County, Georgia",0.7128 ,0.2387 ,0.0050 ,0.0017 ,0.0418 
0500000US13171,"Lamar County, Georgia",0.6743 ,0.2656 ,0.0056 ,0.0011 ,0.0534 
0500000US13173,"Lanier County, Georgia",0.6879 ,0.2200 ,0.0082 ,0.0041 ,0.0799 
0500000US13175,"Laurens County, Georgia",0.5681 ,0.3698 ,0.0104 ,0.0021 ,0.0497 
0500000US13177,"Lee County, Georgia",0.6931 ,0.2224 ,0.0258 ,0.0024 ,0.0564 
0500000US13179,"Liberty County, Georgia",0.3977 ,0.4305 ,0.0212 ,0.0049 ,0.1457 
0500000US13181,"Lincoln County, Georgia",0.6813 ,0.2762 ,0.0026 ,0.0023 ,0.0376 
0500000US13183,"Long County, Georgia",0.5688 ,0.2551 ,0.0112 ,0.0085 ,0.1564 
0500000US13185,"Lowndes County, Georgia",0.5174 ,0.3758 ,0.0165 ,0.0040 ,0.0863 
0500000US13187,"Lumpkin County, Georgia",0.8884 ,0.0128 ,0.0077 ,0.0056 ,0.0856 
0500000US13189,"McDuffie County, Georgia",0.5353 ,0.4014 ,0.0036 ,0.0023 ,0.0575 
0500000US13191,"McIntosh County, Georgia",0.6510 ,0.2908 ,0.0039 ,0.0035 ,0.0508 
0500000US13193,"Macon County, Georgia",0.3437 ,0.5930 ,0.0129 ,0.0027 ,0.0478 
0500000US13195,"Madison County, Georgia",0.7961 ,0.0919 ,0.0176 ,0.0027 ,0.0917 
